image_width: 640
image_height: 480
camera_name: narrow_stereo
# K
camera_matrix:
  rows: 3
  cols: 3
  data: [303.646249, 0.000000, 326.026328, 0.000000, 309.237102, 248.168564, 0.000000, 0.000000, 1.000000]
distortion_model: plumb_bob
# D
distortion_coefficients:
  rows: 1
  cols: 5
  data: [-0.246565, 0.040041, -0.002009, -0.000496, 0.000000]
# R
rectification_matrix:
  rows: 3
  cols: 3
  data: [1.000000, 0.000000, 0.000000, 0.000000, 1.000000, 0.000000, 0.000000, 0.000000, 1.000000]
# P
projection_matrix:
  rows: 3
  cols: 4
  data: [206.152634, 0.000000, 323.345303, 0.000000, 0.000000, 249.443008, 250.584035, 0.000000, 0.000000, 0.000000, 1.000000, 0.000000]
